710 540
590 520
320 530
490 20 540 40
560 20 600 40
30 30 50 100
80 30 100 100
140 30 160 120
190 30 210 80
240 30 260 80
290 30 310 120
340 30 360 120
390 30 410 120
440 30 460 60
630 30 650 80
670 30 690 80
490 60 540 80
560 60 600 80
440 90 460 120
190 100 260 120
490 100 540 120
560 100 600 120
630 100 690 120
30 160 130 180
160 160 180 200
200 160 220 210
250 160 270 210
300 160 320 210
350 160 370 210
400 160 420 210
450 160 470 210
500 160 520 210
540 160 560 210
630 170 650 220
670 170 690 220
30 210 130 230
160 230 180 260
200 230 220 310
250 230 270 310
300 230 320 310
350 230 370 310
400 230 420 310
450 230 470 310
500 250 560 270
630 250 690 270
30 260 130 280
160 280 180 310
500 290 560 310
630 300 650 360
670 300 690 360
30 310 130 330
200 350 220 450
250 350 270 450
300 350 320 450
350 350 370 450
400 350 420 450
450 350 470 450
500 350 560 370
40 370 60 450
90 380 160 400
500 390 520 450
540 390 560 450
630 390 650 450
670 390 690 450
90 430 160 450
40 480 60 520
80 480 100 520
120 480 160 540
180 480 230 510
250 480 300 510
320 480 370 510
390 480 450 510
470 480 560 540
630 480 710 540
i1 515 15
i2 515 45
i3 580 15
i4 580 45
i5 25 53
i6 55 53
i7 25 76
i8 55 76
i9 75 53
i10 105 53
i11 75 76
i12 105 76
i13 135 52
i14 165 52
i15 135 74
i16 165 74
i17 135 96
i18 165 96
i19 185 55
i20 215 55
i21 235 55
i22 265 55
i23 285 52
i24 315 52
i25 285 74
i26 315 74
i27 285 96
i28 315 96
i29 335 52
i30 365 52
i31 335 74
i32 365 74
i33 335 96
i34 365 96
i35 385 52
i36 415 52
i37 385 74
i38 415 74
i39 385 96
i40 415 96
i41 435 45
i42 465 45
i43 625 55
i44 655 55
i45 665 55
i46 695 55
i47 515 55
i48 515 85
i49 580 55
i50 580 85
i51 435 105
i52 465 105
i53 213 95
i54 213 125
i55 236 95
i56 236 125
i57 515 95
i58 515 125
i59 580 95
i60 580 125
i61 650 95
i62 650 125
i63 670 95
i64 670 125
i65 55 155
i66 55 185
i67 80 155
i68 80 185
i69 105 155
i70 105 185
i71 155 180
i72 185 180
i73 195 185
i74 225 185
i75 245 185
i76 275 185
i77 295 185
i78 325 185
i79 345 185
i80 375 185
i81 395 185
i82 425 185
i83 445 185
i84 475 185
i85 495 185
i86 525 185
i87 535 185
i88 565 185
i89 625 195
i90 655 195
i91 665 195
i92 695 195
i93 55 205
i94 55 235
i95 80 205
i96 80 235
i97 105 205
i98 105 235
i99 155 245
i100 185 245
i101 195 256
i102 225 256
i103 195 282
i104 225 282
i105 245 256
i106 275 256
i107 245 282
i108 275 282
i109 295 256
i110 325 256
i111 295 282
i112 325 282
i113 345 256
i114 375 256
i115 345 282
i116 375 282
i117 395 256
i118 425 256
i119 395 282
i120 425 282
i121 445 256
i122 475 256
i123 445 282
i124 475 282
i125 520 245
i126 520 275
i127 540 245
i128 540 275
i129 650 245
i130 650 275
i131 670 245
i132 670 275
i133 55 255
i134 55 285
i135 80 255
i136 80 285
i137 105 255
i138 105 285
i139 155 295
i140 185 295
i141 520 285
i142 520 315
i143 540 285
i144 540 315
i145 625 320
i146 655 320
i147 625 340
i148 655 340
i149 665 320
i150 695 320
i151 665 340
i152 695 340
i153 55 305
i154 55 335
i155 80 305
i156 80 335
i157 105 305
i158 105 335
i159 195 375
i160 225 375
i161 195 400
i162 225 400
i163 195 425
i164 225 425
i165 245 375
i166 275 375
i167 245 400
i168 275 400
i169 245 425
i170 275 425
i171 295 375
i172 325 375
i173 295 400
i174 325 400
i175 295 425
i176 325 425
i177 345 375
i178 375 375
i179 345 400
i180 375 400
i181 345 425
i182 375 425
i183 395 375
i184 425 375
i185 395 400
i186 425 400
i187 395 425
i188 425 425
i189 445 375
i190 475 375
i191 445 400
i192 475 400
i193 445 425
i194 475 425
i195 520 345
i196 520 375
i197 540 345
i198 540 375
i199 35 396
i200 65 396
i201 35 422
i202 65 422
i203 113 375
i204 113 405
i205 136 375
i206 136 405
i207 495 410
i208 525 410
i209 495 430
i210 525 430
i211 535 410
i212 565 410
i213 535 430
i214 565 430
i215 625 410
i216 655 410
i217 625 430
i218 655 430
i219 665 410
i220 695 410
i221 665 430
i222 695 430
i223 113 425
i224 113 455
i225 136 425
i226 136 455
i227 35 500
i228 65 500
i229 75 500
i230 105 500
i231 140 475
i232 115 500
i233 165 500
i234 115 520
i235 165 520
i236 205 475
i237 205 515
i238 175 495
i239 235 495
i240 275 475
i241 275 515
i242 245 495
i243 305 495
i244 345 475
i245 345 515
i246 315 495
i247 375 495
i248 410 475
i249 410 515
i250 430 475
i251 430 515
i252 385 495
i253 455 495
i254 492 475
i255 514 475
i256 536 475
i257 465 500
i258 565 500
i259 465 520
i260 565 520
i261 656 475
i262 682 475
i263 625 500
i264 715 500
i265 625 520
i266 715 520
